7C 64 12 D2 14 00 00 02 68 46 05 44 05 00 00 00 
08 00 00 00 00 A6 7C 64 12 D2 14 00 00 02 68 46 
05 44 06 00 00 00 08 00 00 00 00 A5 7C 64 12 D2 
14 00 00 02 68 46 05 44 07 00 00 00 08 00 00 00 
00 A4 7C 64 12 D2 14 00 00 02 68 46 05 44 08 00 
00 00 08 00 00 00 00 AB 7C 64 12 D2 14 00 00 02 
68 46 05 44 09 00 00 00 08 00 00 00 00 AA 7C 64 
12 D2 14 00 00 02 68 46 05 44 0A 00 00 00 08 00 
00 00 00 A9 7C 64 12 D2 14 00 00 02 68 46 05 44 
04 00 00 00 07 00 00 00 00 A8 7C 64 12 D2 14 00 
00 02 68 46 05 44 03 00 00 00 06 00 00 00 00 AE 
7C 64 12 D2 14 00 00 02 68 46 05 44 0B 00 00 00 
07 00 00 00 00 A7 7C 64 12 D2 14 00 00 02 68 46 
05 44 0C 00 00 00 07 9B 72 00 00 49 7C 64 12 D2 
14 00 00 02 68 46 05 44 0D 00 00 00 07 C4 A7 01 
00 C3 7C 64 12 D2 14 00 00 02 68 46 05 44 0E 00 
00 00 07 00 00 00 00 A2 7C 64 12 D2 14 00 00 02 
68 46 05 44 01 00 00 00 07 0D 00 00 00 A0 7C 64 
12 D2 14 00 00 02 68 46 05 44 02 00 00 00 07 39 
00 00 00 97 7C 32 45 06 00 00 00 08 03 0D 66 63 
2E 67 79 72 6F 2E 72 61 77 2E 70 2D 46 6C 69 67 
68 74 20 43 6F 6E 74 72 6F 6C 6C 65 72 20 63 6F 
70 79 20 6F 66 20 72 61 77 20 67 79 72 6F 20 70 
69 74 63 68 20 64 61 74 61 59 61 74 65 7C 64 12 
D3 14 00 00 02 CE 4C 05 44 05 00 00 00 08 00 00 
00 00 0B 7C 64 12 D3 14 00 00 02 CE 4C 05 44 06 
00 00 00 08 00 00 00 00 08 7C 64 12 D3 14 00 00 
02 CE 4C 05 44 07 00 00 00 08 00 00 00 00 09 7C 
64 12 D3 14 00 00 02 CE 4C 05 44 08 00 00 00 08 
00 00 00 00 06 7C 64 12 D3 14 00 00 02 CE 4C 05 
44 09 00 00 00 08 00 00 00 00 07 7C 64 12 D3 14 
00 00 02 CE 4C 05 44 0A 00 00 00 08 00 00 00 00 
04 7C 64 12 D3 14 00 00 02 CE 4C 05 44 04 00 00 
00 07 00 00 00 00 05 7C 64 12 D3 14 00 00 02 CE 
4C 05 44 03 00 00 00 06 00 00 00 00 03 7C 64 12 
D3 14 00 00 02 CE 4C 05 44 0B 00 00 00 07 00 00 
00 00 0A 7C 64 12 D3 14 00 00 02 CE 4C 05 44 0C 
00 00 00 07 7D 73 00 00 03 7C 64 12 D3 14 00 00 
02 CE 4C 05 44 0D 00 00 00 07 C4 A7 01 00 6E 7C 
64 12 D3 14 00 00 02 CE 4C 05 44 0E 00 00 00 07 
00 00 00 00 0F 7C 64 12 D3 14 00 00 02 CE 4C 05 
44 01 00 00 00 07 0D 00 00 00 0D 7C 64 12 D3 14 
00 00 02 CE 4C 05 44 02 00 00 00 07 37 00 00 00 
34 

7C 32 43 

07 00 00 00 08 03 0D 66 63 2E 67 79 72 6F 2E 72 
61 77 2E 79 2B 46 6C 69 67 68 74 20 43 6F 6E 74 
72 6F 6C 6C 65 72 20 63 6F 70 79 20 6F 66 20 72 
61 77 20 67 79 72 6F 20 79 61 77 20 64 61 74 61 
63 61 59 61                         

