91 85 D1 95 91 81 69 6E 74 65 72 6E 61 6C 20 73 
74 61 74 65 20 66 72 6F 6D 20 63 6F 6E 74 72 6F 
6C 73 73 

7C 64 12 2C 02 00 00 02 8A 87 14 41 05 00 00 00 08 00 00 00 00 79 
7C 64 12 2C 02 00 00 02 8A 87 14 41 06 00 00 00 08 00 00 00 00 7A 
7C 64 12 2C 02 00 00 02 8A 87 14 41 07 00 00 00 08 00 00 00 00 7B 
7C 64 12 2C 02 00 00 02 8A 87 14 41 08 00 00 00 08 00 00 00 00 74 
7C 64 12 2C 02 00 00 02 8A 87 14 41 09 00 00 00 08 00 00 00 00 75 
7C 64 12 2C 02 00 00 02 8A 87 14 41 0A 00 00 00 08 00 00 00 00 76 
7C 64 12 2C 02 00 00 02 8A 87 14 41 04 00 00 00 07 00 00 00 00 77 
7C 64 12 2C 02 00 00 02 8A 87 14 41 03 00 00 00 06 00 00 00 00 71 
7C 64 12 2C 02 00 00 02 8A 87 14 41 0B 00 00 00 07 00 00 00 00 78 
7C 64 12 2C 02 00 00 02 8A 87 14 41 0C 00 00 00 07 02 E9 04 00 90 
7C 64 12 2C 02 00 00 02 CE CB 14 41 0D 00 00 00 07 74 D7 00 00 D4 
7C 64 12 2D 02 00 00 02 CE CB 14 41 0E 00 00 00 07 00 00 00 00 74 
7C 64 12 2D 02 00 00 02 CE CB 14 41 01 00 00 00 07 0D 00 00 00 76 
7C 64 12 2D 02 00 00 02 CE CB 14 41 02 00 00 00 07 39 00 00 00 41 

header
7C 32 2D

Id
03 00 00 00 

00 00 00 00 06 01 5C B1 08 
66 63 2E 73 74 61 74 F9 
17 46 6C 69 67 68 74 20 
43 6F 6E 74 72 6F 6C 6C 
65 72 20 53 74 61 74 65 
6D 65 2C 20 69 6E 20 6D 
69 63 72 6F 73 65 63 6F 
6E 64 73 2C 20 74 61 6B 
65 6E 20 74 6F 20 73 65 
6E 64 20 61 20 73 61 6D 
70 6C 65 20 66 72 61 6D 
65 20 

7C 64 12 2E 02 00 00 02 12 10 15 41 05 00 00 00 08 00 00 00 00 75

7C 64 12 2E 02 00 00 02 12 10 15 41 06 00 00 00 08 
00 00 00 00 76 7C 64 12 2E 02 00 00 02 12 10 15 
41 07 00 00 00 08 00 00 00 00 77 7C 64 12 2E 02 
00 00 02 12 10 15 41 08 00 00 00 08 00 00 00 00 
78 7C 64 12 2E 02 00 00 02 12 10 15 41 09 00 00 
00 08 00 00 00 00 79 7C 64 12 2E 02 00 00 02 12 
10 15 41 0A 00 00 00 08 00 00 00 00 7A 7C 64 12 
2E 02 00 00 02 12 10 15 41 04 00 00 00 07 00 00 
00 00 7B 7C 64 12 2E 02 00 00 02 12 10 15 41 03 
00 00 00 06 00 00 00 00 7D 7C 64 12 2E 02 00 00 
02 12 10 15 41 0B 00 00 00 07 00 00 00 00 74 7C 
64 12 2E 02 00 00 02 55 54 15 41 0C 00 00 00 07 
9C 90 03 00 7E 7C 64 12 2F 02 00 00 02 55 54 15 
41 0D 00 00 00 07 29 44 01 00 1C 7C 64 12 2F 02 
00 00 02 55 54 15 41 0E 00 00 00 07 00 00 00 00 
73 7C 64 12 2F 02 00 00 02 55 54 15 41 01 00 00 
00 07 0D 00 00 00 71 7C 64 12 2F 02 00 00 02 55 
54 15 41 02 00 00 00 07 39 00 00 00 46 7C 32 47 
05 00 00 00 00 00 00 00 08 03 C0 B0 0D 66 63 2E 
67 79 72 6F 23 72 61 77 2E 72 2C 46 6C 69 67 68 
74 20 43 6F 6E 74 72 6F 6C 6C 65 72 20 63 6F 70 
79 20 6F 66 20 72 61 77 20 67 79 72 6F 20 72 6F 
6C 6C 20 64 61 74 61 70 64 61 74 65 64 20 69 6E 
74 65 72 6E 61 6C 20 73 74 61 74 65 20 66 72 6F 
6D 20 67 79 72 6F 6E 7C 64 12 31 02 00 00 02 DC 
DC 15 41 05 00 00 00 08 00 00 00 00 68 7C 64 12 
31 02 00 00 02 DC DC 15 41 06 00 00 00 08 00 00 
00 00 6B 7C 64 12 31 02 00 00 02 DC DC 15 41 07 
00 00 00 08 00 00 00 00 6A 7C 64 12 31 02 00 00 
02 DC DC 15 41 08 00 00 00 08 00 00 00 00 65 7C 
64 12 31 02 00 00 02 DC DC 15 41 09 00 00 00 08 
00 00 00 00 64 7C 64 12 31 02 00 00 02 DC DC 15 
41 0A 00 00 00 08 00 00 00 00 67 7C 64 12 31 02 
00 00 02 DC DC 15 41 04 00 00 00 07 00 00 00 00 
66 7C 64 12 31 02 00 00 02 DC DC 15 41 03 00 00 
00 06 00 00 00 00 60 7C 64 12 31 02 00 00 02 DC 
DC 15 41 0B 00 00 00 07 00 00 00 00 69 7C 64 12 
31 02 00 00 02 DC DC 15 41 0C 00 00 00 07 62 54 
01 00 59 7C 64 12 31 02 00 00 02 20 21 16 41 0D 
00 00 00 07 D3 43 01 00 FF 7C 64 12 32 02 00 00 
02 20 21 16 41 0E 00 00 00 07 00 00 00 00 6D 7C 
64 12 32 02 00 00 02 20 21 16 41 01 00 00 00 07 
0D 00 00 00 6F 7C 64 12 32 02 00 00 02 20 21 16 
41 02 00 00 00 07 38 00 00 00 59 7C 32 51 08 00 
00 00 00 00 00 00 08 03 FC AF 12 66 63 2E 67 79 
72 6F 0F 66 69 6C 74 65 72 65 64 2E 72 31 46 6C 
69 67 68 74 20 43 6F 6E 74 72 6F 6C 6C 65 72 20 
63 6F 70 79 20 6F 66 20 66 69 74 6C 65 72 65 64 
20 67 79 72 6F 7C 64 12 33 02 00 00 02 63 65 16 
41 05 00 00 00 08 00 00 00 00 6F 7C 64 12 33 02 
00 00 02 63 65 16 41 06 00 00 00 08 00 00 00 00 
6C 7C 64 12 33 02 00 00 02 63 65 16 41 07 00 00 
00 08 00 00 00 00 6D 7C 64 12 33 02 00 00 02 63 
65 16 41 08 00 00 00 08 00 00 00 00 62 7C 64 12 
33 02 00 00 02 63 65 16 41 09 00 00 00 08 00 00 
00 00 63 7C 64 12 33 02 00 00 02 63 65 16 41 0A 
00 00 00 08 00 00 00 00 60 7C 64 12 33 02 00 00 
02 63 65 16 41 04 00 00 00 07 00 00 00 00 61 7C 
64 12 33 02 00 00 02 63 65 16 41 03 00 00 00 06 
00 00 00 00 67 7C 64 12 33 02 00 00 02 63 65 16 
41 0B 00 00 00 07 00 00 00 00 6E 7C 64 12 33 02 
00 00 02 63 65 16 41 0C 00 00 00 07 B3 8F 03 00 
56 7C 64 12 33 02 00 00 02 A7 A9 16 41 0D 00 00 
00 07 75 41 01 00 52 7C 64 12 34 02 00 00 02 A7 
A9 16 41 0E 00 00 00 07 00 00 00 00 64 7C 64 12 
34 02 00 00 02 A7 A9 16 41 01 00 00 00 07 0D 00 
00 00 66 7C 64 12 34 02 00 00 02 A7 A9 16 41 02 
00 00 00 07 3A 00 00 00 52 7C 32 50 0A 00 00 00 
00 00 00 00 08 03 6C AF 12 66 63 2E 67 79 72 6F 
E5 66 69 6C 74 65 72 65 64 2E 79 30 46 6C 69 67 
68 74 20 43 6F 6E 74 72 6F 6C 6C 65 72 20 63 6F 
70 79 20 6F 66 20 66 69 74 6C 65 72 65 64 20 67 
79 72 6F 20 79 61 77 20 64 61 74 61 74 61 72 7C 
64 12 35 02 00 00 02 EB ED 16 41 05 00 00 00 08 
00 00 00 00 69 7C 64 12 35 02 00 00 02 EB ED 16 
41 06 00 00 00 08 00 00 00 00 6A 7C 64 12 35 02 
00 00 02 EB ED 16 41 07 00 00 00 08 00 00 00 00 
6B 7C 64 12 35 02 00 00 02 EB ED 16 41 08 00 00 
00 08 00 00 00 00 64 7C 64 12 35 02 00 00 02 EB 
ED 16 41 09 00 00 00 08 00 00 00 00 65 7C 64 12 
35 02 00 00 02 EB ED 16 41 0A 00 00 00 08 00 00 
00 00 66 7C 64 12 35 02 00 00 02 EB ED 16 41 04 
00 00 00 07 00 00 00 00 67 7C 64 12 35 02 00 00 
02 EB ED 16 41 03 00 00 00 06 00 00 00 00 61 7C 
64 12 35 02 00 00 02 EB ED 16 41 0B 00 00 00 07 
00 00 00 00 68 7C 64 12 35 02 00 00 02 EB ED 16 
41 0C 00 00 00 07 AA E4 00 00 39 7C 64 12 36 02 
00 00 02 2E 32 17 41 0D 00 00 00 07 AF D9 00 00 
00 7C 64 12 36 02 00 00 02 2E 32 17 41 0E 00 00 
00 07 00 00 00 00 75 7C 64 12 36 02 00 00 02 2E 
32 17 41 01 00 00 00 07 0D 00 00 00 77 7C 64 12 
36 02 00 00 02 2E 32 17 41 02 00 00 00 07 3D 00 
00 00 44 7C 32 6B 0C 00 00 00 00 00 00 00 07 01 
44 AF 10 66 63 2E 63 6F 72 65 D6 2E 63 6F 75 6E 
74 65 72 4D 46 6C 69 67 68 74 20 43 6F 6E 74 72 
6F 6C 6C 65 72 20 6E 75 6D 62 65 72 20 6F 66 20 
74 69 6D 65 73 20 66 63 20 68 61 73 20 75 70 64 
61 74 65 64 20 69 6E 74 65 72 6E 61 6C 20 73 74 
61 74 65 20 66 72 6F 6D 20 63 6F 6E 74 72 6F 6C 
73 6C 73 00 7C 64 12 38 02 00 00 02 B5 BA 17 41 
05 00 00 00 08 00 00 00 00 6C 7C 64 12 38 02 00 
00 02 B5 BA 17 41 06 00 00 00 08 00 00 00 00 6F 
7C 64 12 38 02 00 00 02 B5 BA 17 41 07 00 00 00 
08 00 00 00 00 6E 7C 64 12 38 02 00 00 02 B5 BA 
17 41 08 00 00 00 08 00 00 00 00 61 7C 64 12 38 
02 00 00 02 B5 BA 17 41 09 00 00 00 08 00 00 00 
00 60 7C 64 12 38 02 00 00 02 B5 BA 17 41 0A 00 
00 00 08 00 00 00 00 63 7C 64 12 38 02 00 00 02 
B5 BA 17 41 04 00 00 00 07 00 00 00 00 62 7C 64 
12 38 02 00 00 02 B5 BA 17 41 03 00 00 00 06 00 
00 00 00 64 7C 64 12 38 02 00 00 02 B5 BA 17 41 
0B 00 00 00 07 00 00 00 00 6D 7C 64 12 38 02 00 
00 02 B5 BA 17 41 0C 00 00 00 07 E3 90 03 00 1A 
7C 64 12 38 02 00 00 02 F9 FE 17 41 0D 00 00 00 
07 A3 D6 00 00 17 7C 64 12 39 02 00 00 02 F9 FE 
17 41 0E 00 00 00 07 00 00 00 00 61 7C 64 12 39 
02 00 00 02 F9 FE 17 41 01 00 00 00 07 0D 00 00 
00 63 7C 64 12 39 02 00 00 02 F9 FE 17 41 02 00 
00 00 07 3E 00 00 00 53 7C 32 6C 0E 00 00 00 00 
00 00 00 07 01 CC AE 11 66 63 2E 67 79 72 6F 39 
75 70 64 61 74 65 2E 75 73 4D 46 6C 69 67 68 74 
20 43 6F 6E 74 72 6F 6C 6C 65 72 20 6E 75 6D 62 
65 72 20 6F 66 20 74 69 6D 65 73 20 66 63 20 68 
61 73 20 75 70 64 61 74 65 64 20 69 6E 74 65 72 
6E 61 6C 20 73 74 61 74 65 20 66 72 6F 6D 20 63 
6F 6E 74 72 6F 6C 73 73 7C 64 12 3B 02 00 00 02 
80 87 18 41 05 00 00 00 08 00 00 00 00 68 7C 64 
12 3B 02 00 00 02 80 87 18 41 06 00 00 00 08 00 
00 00 00 6B 7C 64 12 3B 02 00 00 02 80 87 18 41 
07 00 00 00 08 00 00 00 00 6A 7C 64 12 3B 02 00 
00 02 80 87 18 41 08 00 00 00 08 00 00 00 00 65 
7C 64 12 3B 02 00 00 02 80 87 18 41 09 00 00 00 
08 00 00 00 00 64 7C 64 12 3B 02 00 00 02 80 87 
18 41 0A 00 00 00 08 00 00 00 00 67 7C 64 12 3B 
02 00 00 02 80 87 18 41 04 00 00 00 07 00 00 00 
00 66 7C 64 12 3B 02 00 00 02 80 87 18 41 03 00 
00 00 06 00 00 00 00 60 7C 64 12 3B 02 00 00 02 
80 87 18 41 0B 00 00 00 07 00 00 00 00 69 7C 64 
12 3B 02 00 00 02 80 87 18 41 0C 00 00 00 07 67 
90 03 00 9A 7C 64 12 3B 02 00 00 02 C4 CB 18 41 
0D 00 00 00 07 4F D7 00 00 F8 7C 64 12 3C 02 00 
00 02 C4 CB 18 41 0E 00 00 00 07 00 00 00 00 63 
7C 64 12 3C 02 00 00 02 C4 CB 18 41 01 00 00 00 
07 0D 00 00 00 61 7C 64 12 3C 02 00 00 02 C4 CB 
18 41 02 00 00 00 07 39 00 00 00 56 7C 32 2D 03 
00 00 00 00 00 00 00 06 01 5C B1 08 66 63 2E 73 
74 61 74 F9 17 46 6C 69 67 68 74 20 43 6F 6E 74 
72 6F 6C 6C 65 72 20 53 74 61 74 65 6D 65 2C 20 
69 6E 20 6D 69 63 72 6F 73 65 63 6F 6E 64 73 2C 
20 74 61 6B 65 6E 20 74 6F 20 73 65 6E 64 20 61 
20 73 61 6D 70 6C 65 20 66 72 61 6D 65 20 7C 64 
12 3D 02 00 00 02 07 10 19 41 05 00 00 00 08 00 
00 00 00 7F 7C 64 12 3D 02 00 00 02 07 10 19 41 
06 00 00 00 08 00 00 00 00 7C 7C 64 12 3D 02 00 
00 02 07 10 19 41 07 00 00 00 08 00 00 00 00 7D 
7C 64 12 3D 02 00 00 02 07 10 19 41 08 00 00 00 
08 00 00 00 00 72 7C 64 12 3D 02 00 00 02 07 10 
19 41 09 00 00 00 08 00 00 00 00 73 7C 64 12 3D 
02 00 00 02 07 10 19 41 0A 00 00 00 08 00 00 00 
00 70 7C 64 12 3D 02 00 00 02 07 10 19 41 04 00 
00 00 07 00 00 00 00 71 7C 64 12 3D 02 00 00 02 
07 10 19 41 03 00 00 00 06 00 00 00 00 77 7C 64 
12 3D 02 00 00 02 07 10 19 41 0B 00 00 00 07 00 
00 00 00 7E 7C 64 12 3D 02 00 00 02 4B 54 19 41 
0C 00 00 00 07 D2 54 01 00 F5 7C 64 12 3E 02 00 
00 02 4B 54 19 41 0D 00 00 00 07 0C 42 01 00 3C 
7C 64 12 3E 02 00 00 02 4B 54 19 41 0E 00 00 00 
07 00 00 00 00 70 7C 64 12 3E 02 00 00 02 4B 54 
19 41 01 00 00 00 07 0D 00 00 00 72 7C 64 12 3E 
02 00 00 02 4B 54 19 41 02 00 00 00 07 3A 00 00 
00 46 7C 32 47 05 00 00 00 00 00 00 00 08 03 C0 
B0 0D 66 63 2E 67 79 72 6F 23 72 61 77 2E 72 2C 
46 6C 69 67 68 74 20 43 6F 6E 74 72 6F 6C 6C 65 
72 20 63 6F 70 79 20 6F 66 20 72 61 77 20 67 79 
72 6F 20 72 6F 6C 6C 20 64 61 74 61 70 64 61 74 
65 64 20 69 6E 74 65 72 6E 61 6C 20 73 74 61 74 
65 20 66 72 6F 6D 20 67 79 72 6F 6E 7C 64 12 40 
02 00 00 02 D2 DC 19 41 05 00 00 00 08 00 00 00 
00 1B 7C 64 12 40 02 00 00 02 D2 DC 19 41 06 00 
00 00 08 00 00 00 00 18 7C 64 12 40 02 00 00 02 
D2 DC 19 41 07 00 00 00 08 00 00 00 00 19 7C 64 
12 40 02 00 00 02 D2 DC 19 41 08 00 00 00 08 00 
00 00 00 16 7C 64 12 40 02 00 00 02 D2 DC 19 41 
09 00 00 00 08 00 00 00 00 17 7C 64 12 40 02 00 
00 02 D2 DC 19 41 0A 00 00 00 08 00 00 00 00 14 
7C 64 12 40 02 00 00 02 D2 DC 19 41 04 00 00 00 
07 00 00 00 00 15 7C 64 12 40 02 00 00 02 D2 DC 
19 41 03 00 00 00 06 00 00 00 00 13 7C 64 12 40 
02 00 00 02 D2 DC 19 41 0B 00 00 00 07 00 00 00 
00 1A 7C 64 12 40 02 00 00 02 D2 DC 19 41 0C 00 
00 00 07 EA E3 04 00 10 7C 64 12 40 02 00 00 02 
15 21 1A 41 0D 00 00 00 07 D0 42 01 00 B7 7C 64 
12 41 02 00 00 02 15 21 1A 41 0E 00 00 00 07 00 
00 00 00 27 7C 64 12 41 02 00 00 02 15 21 1A 41 
01 00 00 00 07 0D 00 00 00 25 7C 64 12 41 02 00 
00 02 15 21 1A 41 02 00 00 00 07 38 00 00 00 13 
7C 32 51 08 00 00 00 00 00 00 00 08 03 FC AF 12 
66 63 2E 67 79 72 6F 0F 66 69 6C 74 65 72 65 64 
2E 72 31 46 6C 69 67 68 74 20 43 6F 6E 74 72 6F 
6C 6C 65 72 20 63 6F 70 79 20 6F 66 20 66 69 74 
6C 65 72 65 64 20 67 79 72 6F 7C 64 12 42 02 00 
00 02 59 65 1A 41 05 00 00 00 08 00 00 00 00 28 
7C 64 12 42 02 00 00 02 59 65 1A 41 06 00 00 00 
08 00 00 00 00 2B 7C 64 12 42 02 00 00 02 59 65 
1A 41 07 00 00 00 08 00 00 00 00 2A 7C 64 12 42 
02 00 00 02 59 65 1A 41 08 00 00 00 08 00 00 00 
00 25 7C 64 12 42 02 00 00 02 59 65 1A 41 09 00 
00 00 08 00 00 00 00 24 7C 64 12 42 02 00 00 02 
59 65 1A 41 0A 00 00 00 08 00 00 00 00 27 7C 64 
12 42 02 00 00 02 59 65 1A 41 04 00 00 00 07 00 
00 00 00 26 7C 64 12 42 02 00 00 02 59 65 1A 41 
03 00 00 00 06 00 00 00 00 20 7C 64 12 42 02 00 
00 02 59 65 1A 41 0B 00 00 00 07 00 00 00 00 29 
7C 64 12 42 02 00 00 02 59 65 1A 41 0C 00 00 00 
07 40 A9 02 00 C5 7C 64 12 42 02 00 00 02 9C A9 
1A 41 0D 00 00 00 07 42 42 01 00 26 7C 64 12 43 
02 00 00 02 9C A9 1A 41 0E 00 00 00 07 00 00 00 
00 24 7C 64 12 43 02 00 00 02 9C A9 1A 41 01 00 
00 00 07 0D 00 00 00 26 7C 64 12 43 02 00 00 02 
9C A9 1A 41 02 00 00 00 07 3A 00 00 00 12 7C 32 
50 0A 00 00 00 00 00 00 00 08 03 6C AF 12 66 63 
2E 67 79 72 6F E5 66 69 6C 74 65 72 65 64 2E 79 
30 46 6C 69 67 68 74 20 43 6F 6E 74 72 6F 6C 6C 
65 72 20 63 6F 70 79 20 6F 66 20 66 69 74 6C 65 
72 65 64 20 67 79 72 6F 20 79 61 77 20 64 61 74 
61 74 61 72 7C 64 12 44 02 00 00 02 E0 ED 1A 41 
05 00 00 00 08 00 00 00 00 1F 7C 64 12 44 02 00 
00 02 E0 ED 1A 41 06 00 00 00 08 00 00 00 00 1C 
7C 64 12 44 02 00 00 02 E0 ED 1A 41 07 00 00 00 
08 00 00 00 00 1D 7C 64 12 44 02 00 00 02 E0 ED 
1A 41 08 00 00 00 08 00 00 00 00 12 7C 64 12 44 
02 00 00 02 E0 ED 1A 41 09 00 00 00 08 00 00 00 
00 13 7C 64 12 44 02 00 00 02 E0 ED 1A 41 0A 00 
00 00 08 00 00 00 00 10 7C 64 12 44 02 00 00 02 
E0 ED 1A 41 04 00 00 00 07 00 00 00 00 11 7C 64 
12 44 02 00 00 02 E0 ED 1A 41 03 00 00 00 06 00 
00 00 00 17 7C 64 12 44 02 00 00 02 E0 ED 1A 41 
0B 00 00 00 07 00 00 00 00 1E 7C 64 12 44 02 00 
00 02 E0 ED 1A 41 0C 00 00 00 07 9B DF 00 00 46 
7C 64 12 45 02 00 00 02 24 32 1B 41 0D 00 00 00 
07 A7 D4 00 00 70 7C 64 12 45 02 00 00 02 24 32 
1B 41 0E 00 00 00 07 00 00 00 00 00 7C 64 12 45 
02 00 00 02 24 32 1B 41 01 00 00 00 07 0D 00 00 
00 02 7C 64 12 45 02 00 00 02 24 32 1B 41 02 00 
00 00 07 3E 00 00 00 32 7C 32 6B 0C 00 00 00 00 
00 00 00 07 01 44 AF 10 66 63 2E 63 6F 72 65 D6 
2E 63 6F 75 6E 74 65 72 4D 46 6C 69 67 68 74 20 
43 6F 6E 74 72 6F 6C 6C 65 72 20 6E 75 6D 62 65 
72 20 6F 66 20 74 69 6D 65 73 20 66 63 20 68 61 
73 20 75 70 64 61 74 65 64 20 69 6E 74 65 72 6E 
61 6C 20 73 74 61 74 65 20 66 72 6F 6D 20 63 6F 
6E 74 72 6F 6C 73 6C 73 00 7C 64 12 47 02 00 00 
02 AB BA 1B 41 05 00 00 00 08 00 00 00 00 01 7C 
64 12 47 02 00 00 02 AB BA 1B 41 06 00 00 00 08 
00 00 00 00 02 7C 64 12 47 02 00 00 02 AB BA 1B 
41 07 00 00 00 08 00 00 00 00 03 7C 64 12 47 02 
00 00 02 AB BA 1B 41 08 00 00 00 08 00 00 00 00 
0C 7C 64 12 47 02 00 00 02 AB BA 1B 41 09 00 00 
00 08 00 00 00 00 0D 7C 64 12 47 02 00 00 02 AB 
BA 1B 41 0A 00 00 00 08 00 00 00 00 0E 7C 64 12 
47 02 00 00 02 AB BA 1B 41 04 00 00 00 07 00 00 
00 00 0F 7C 64 12 47 02 00 00 02 AB BA 1B 41 03 
00 00 00 06 00 00 00 00 09 7C 64 12 47 02 00 00 
02 AB BA 1B 41 0B 00 00 00 07 00 00 00 00 00 7C 
64 12 47 02 00 00 02 AB BA 1B 41 0C 00 00 00 07 
C6 C6 01 00 06 7C 64 12 47 02 00 00 02 EE FE 1B 
41 0D 00 00 00 07 82 D7 00 00 5D 7C 64 12 48 02 
00 00 02 EE FE 1B 41 0E 00 00 00 07 00 00 00 00 
0B 7C 64 12 48 02 00 00 02 EE FE 1B 41 01 00 00 
00 07 0D 00 00 00 09 7C 64 12 48 02 00 00 02 EE 
FE 1B 41 02 00 00 00 07 3E 00 00 00 39 7C 32 6C 
0E 00 00 00 00 00 00 00 07 01 CC AE 11 66 63 2E 
67 79 72 6F 39 75 70 64 61 74 65 2E 75 73 4D 46 
6C 69 67 68 74 20 43 6F 6E 74 72 6F 6C 6C 65 72 
20 6E 75 6D 62 65 72 20 6F 66 20 74 69 6D 65 73 
20 66 63 20 68 61 73 20 75 70 64 61 74 65 64 20 
69 6E 74 65 72 6E 61 6C 20 73 74 61 74 65 20 66 
72 6F 6D 20 63 6F 6E 74 72 6F 6C 73 73 7C 64 12 
4A 02 00 00 02 75 87 1C 41 05 00 00 00 08 00 00 
00 00 E8 7C 64 12 4A 02 00 00 02 75 87 1C 41 06 
00 00 00 08 00 00 00 00 EB 7C 64 12 4A 02 00 00 
02 75 87 1C 41 07 00 00 00 08 00 00 00 00 EA 7C 
64 12 4A 02 00 00 02 75 87 1C 41 08 00 00 00 08 
00 00 00 00 E5 7C 64 12 4A 02 00 00 02 75 87 1C 
41 09 00 00 00 08 00 00 00 00 E4 7C 64 12 4A 02 
00 00 02 75 87 1C 41 0A 00 00 00 08 00 00 00 00 
E7 7C 64 12 4A 02 00 00 02 75 87 1C 41 04 00 00 
00 07 00 00 00 00 E6 7C 64 12 4A 02 00 00 02 75 
87 1C 41 03 00 00 00 06 00 00 00 00 E0 7C 64 12 
4A 02 00 00 02 75 87 1C 41 0B 00 00 00 07 00 00 
00 00 E9 7C 64 12 4A 02 00 00 02 75 87 1C 41 0C 
00 00 00 07 29 3A 02 00 FF 7C 64 12 4A 02 00 00 
02 B9 CB 1C 41 0D 00 00 00 07 CD D7 00 00 74 7C 
64 12 4B 02 00 00 02 B9 CB 1C 41 0E 00 00 00 07 
00 00 00 00 6D 7C 64 12 4B 02 00 00 02 B9 CB 1C 
41 01 00 00 00 07 0D 00 00 00 6F 7C 64 12 4B 02 
00 00 02 B9 CB 1C 41 02 00 00 00 07 38 00 00 00 
59 7C 32 2D 03 00 00 00 00 00 00 00 06 01 5C B1 
08 66 63 2E 73 74 61 74 F9 17 46 6C 69 67 68 74 
20 43 6F 6E 74 72 6F 6C 6C 65 72 20 53 74 61 74 
65 6D 65 2C 20 69 6E 20 6D 69 63 72 6F 73 65 63 
6F 6E 64 73 2C 20 74 61 6B 65 6E 20 74 6F 20 73 
65 6E 64 20 61 20 73 61 6D 70 6C 65 20 66 72 61 
6D 65 20 7C 64 12 4C 02 00 00 02 01 10 1D 41 05 
00 00 00 08 00 00 00 00 0C 7C 64 12 4C 02 00 00 
02 01 10 1D 41 06 00 00 00 08 00 00 00 00 0F 7C 
64 12 4C 02 00 00 02 01 10 1D 41 07 00 00 00 08 
00 00 00 00 0E 7C 64 12 4C 02 00 00 02 01 10 1D 
41 08 00 00 00 08 00 00 00 00 01 7C 64 12 4C 02 
00 00 02 01 10 1D 41 09 00 00 00 08 00 00 00 00 
00 7C 64 12 4C 02 00 00 02 01 10 1D 41 0A 00 00 
00 08 00 00 00 00 03 7C 64 12 4C 02 00 00 02 01 
10 1D 41 04 00 00 00 07 00 00 00 00 02 7C 64 12 
4C 02 00 00 02 01 10 1D 41 03 00 00 00 06 00 00 
00 00 04 7C 64 12 4C 02 00 00 02 01 10 1D 41 0B 
00 00 00 07 00 00 00 00 0D 7C 64 12 4C 02 00 00 
02 40 54 1D 41 0C 00 00 00 07 EA 57 01 00 B2 7C 
64 12 4D 02 00 00 02 40 54 1D 41 0D 00 00 00 07 
2F 45 01 00 64 7C 64 12 4D 02 00 00 02 40 54 1D 
41 0E 00 00 00 07 00 00 00 00 0C 7C 64 12 4D 02 
00 00 02 40 54 1D 41 01 00 00 00 07 0D 00 00 00 
0E 7C 64 12 4D 02 00 00 02 40 54 1D 41 02 00 00 
00 07 39 00 00 00 39 7C 32 47 05 00 00 00 00 00 
00 00 08 03 C0 B0 0D 66 63 2E 67 79 72 6F 23 72 
61 77 2E 72 2C 46 6C 69 67 68 74 20 43 6F 6E 74 
72 6F 6C 6C 65 72 20 63 6F 70 79 20 6F 66 20 72 
61 77 20 67 79 72 6F 20 72 6F 6C 6C 20 64 61 74 
61 70 64 61 74 65 64 20 69 6E 74 65 72 6E 61 6C 
20 73 74 61 74 65 20 66 72 6F 6D 20 67 79 72 6F 
6E 7C 64 12 4F 02 00 00 02 C7 DC 1D 41 05 00 00 
00 08 00 00 00 00 05 7C 64 12 4F 02 00 00 02 C7 
DC 1D 41 06 00 00 00 08 00 00 00 00 06 7C 64 12 
4F 02 00 00 02 C7 DC 1D 41 07 00 00 00 08 00 00 
00 00 07 7C 64 12 4F 02 00 00 02 C7 DC 1D 41 08 
00 00 00 08 00 00 00 00 08 7C 64 12 4F 02 00 00 
02 C7 DC 1D 41 09 00 00 00 08 00 00 00 00 09 7C 
64 12 4F 02 00 00 02 C7 DC 1D 41 0A 00 00 00 08 
00 00 00 00 0A 7C 64 12 4F 02 00 00 02 C7 DC 1D 
41 04 00 00 00 07 00 00 00 00 0B 7C 64 12 4F 02 
00 00 02 C7 DC 1D 41 03 00 00 00 06 00 00 00 00 
0D 7C 64 12 4F 02 00 00 02 C7 DC 1D 41 0B 00 00 
00 07 00 00 00 00 04 7C 64 12 4F 02 00 00 02 C7 
DC 1D 41 0C 00 00 00 07 08 55 01 00 5F 7C 64 12 
4F 02 00 00 02 0B 21 1E 41 0D 00 00 00 07 B2 41 
01 00 DD 7C 64 12 50 02 00 00 02 0B 21 1E 41 0E 
00 00 00 07 00 00 00 00 2C 7C 64 12 50 02 00 00 
02 0B 21 1E 41 01 00 00 00 07 0D 00 00 00 2E 7C 
64 12 50 02 00 00 02 0B 21 1E 41 02 00 00 00 07 
37 00 00 00 17 7C 32 51 08 00 00 00 00 00 00 00 
08 03 FC AF 12 66 63 2E 67 79 72 6F 0F 66 69 6C 
74 65 72 65 64 2E 72 31 46 6C 69 67 68 74 20 43 
6F 6E 74 72 6F 6C 6C 65 72 20 63 6F 70 79 20 6F 
66 20 66 69 74 6C 65 72 65 64 20 67 79 72 6F 7C 
64 12 51 02 00 00 02 4E 65 1E 41 05 00 00 00 08 
00 00 00 00 28 7C 64 12 51 02 00 00 02 4E 65 1E 
41 06 00 00 00 08 00 00 00 00 2B 7C 64 12 51 02 
00 00 02 4E 65 1E 41 07 00 00 00 08 00 00 00 00 
2A 7C 64 12 51 02 00 00 02 4E 65 1E 41 08 00 00 
00 08 00 00 00 00 25 7C 64 12 51 02 00 00 02 4E 
65 1E 41 09 00 00 00 08 00 00 00 00 24 7C 64 12 
51 02 00 00 02 4E 65 1E 41 0A 00 00 00 08 00 00 
00 00 27 7C 64 12 51 02 00 00 02 4E 65 1E 41 04 
00 00 00 07 00 00 00 00 26 7C 64 12 51 02 00 00 
02 4E 65 1E 41 03 00 00 00 06 00 00 00 00 20 7C 
64 12 51 02 00 00 02 4E 65 1E 41 0B 00 00 00 07 
00 00 00 00 29 7C 64 12 51 02 00 00 02 4E 65 1E 
41 0C 00 00 00 07 03 8C 03 00 A2 7C 64 12 51 02 
00 00 02 92 A9 1E 41 0D 00 00 00 07 0B 43 01 00 
75 7C 64 12 52 02 00 00 02 92 A9 1E 41 0E 00 00 
00 07 00 00 00 00 3F 7C 64 12 52 02 00 00 02 92 
A9 1E 41 01 00 00 00 07 0D 00 00 00 3D 7C 64 12 
52 02 00 00 02 92 A9 1E 41 02 00 00 00 07 39 00 
00 00 0A 7C 32 50 0A 00 00 00 00 00 00 00 08 03 
6C AF 12 66 63 2E 67 79 72 6F E5 66 69 6C 74 65 
72 65 64 2E 79 30 46 6C 69 67 68 74 20 43 6F 6E 
74 72 6F 6C 6C 65 72 20 63 6F 70 79 20 6F 66 20 
66 69 74 6C 65 72 65 64 20 67 79 72 6F 20 79 61 
77 20 64 61 74 61 74 61 72 7C 64 12 53 02 00 00 
02 D6 ED 1E 41 05 00 00 00 08 00 00 00 00 3A 7C 
64 12 53 02 00 00 02 D6 ED 1E 41 06 00 00 00 08 
00 00 00 00 39 7C 64 12 53 02 00 00 02 D6 ED 1E 
41 07 00 00 00 08 00 00 00 00 38 7C 64 12 53 02 
00 00 02 D6 ED 1E 41 08 00 00 00 08 00 00 00 00 
37 7C 64 12 53 02 00 00 02 D6 ED 1E 41 09 00 00 
00 08 00 00 00 00 36 7C 64 12 53 02 00 00 02 D6 
ED 1E 41 0A 00 00 00 08 00 00 00 00 35 7C 64 12 
53 02 00 00 02 D6 ED 1E 41 04 00 00 00 07 00 00 
00 00 34 7C 64 12 53 02 00 00 02 D6 ED 1E 41 03 
00 00 00 06 00 00 00 00 32 7C 64 12 53 02 00 00 
02 D6 ED 1E 41 0B 00 00 00 07 00 00 00 00 3B 7C 
64 12 53 02 00 00 02 D6 ED 1E 41 0C 00 00 00 07 
4A E3 00 00 83 7C 64 12 54 02 00 00 02 19 32 1F 
41 0D 00 00 00 07 54 D8 00 00 A7 7C 64 12 54 02 
00 00 02 19 32 1F 41 0E 00 00 00 07 00 00 00 00 
28 7C 64 12 54 02 00 00 02 19 32 1F 41 01 00 00 
00 07 0D 00 00 00 2A 7C 64 12 54 02 00 00 02 19 
32 1F 41 02 00 00 00 07 3E 00 00 00 1A 7C 32 6B 
0C 00 00 00 00 00 00 00 07 01 44 AF 10 66 63 2E 
63 6F 72 65 D6 2E 63 6F 75 6E 74 65 72 4D 46 6C 
69 67 68 74 20 43 6F 6E 74 72 6F 6C 6C 65 72 20 
6E 75 6D 62 65 72 20 6F 66 20 74 69 6D 65 73 20 
66 63 20 68 61 73 20 75 70 64 61 74 65 64 20 69 
6E 74 65 72 6E 61 6C 20 73 74 61 74 65 20 66 72 
6F 6D 20 63 6F 6E 74 72 6F 6C 73 6C 73 00 7C 64 
12 56 02 00 00 02 A0 BA 1F 41 05 00 00 00 08 00 
00 00 00 1F 7C 64 12 56 02 00 00 02 A0 BA 1F 41 
06 00 00 00 08 00 00 00 00 1C 7C 64 12 56 02 00 
00 02 A0 BA 1F 41 07 00 00 00 08 00 00 00 00 1D 
7C 64 12 56 02 00 00 02 A0 BA 1F 41 08 00 00 00 
08 00 00 00 00 12 7C 64 12 56 02 00 00 02 A0 BA 
1F 41 09 00 00 00 08 00 00 00 00 13 7C 64 12 56 
02 00 00 02 A0 BA 1F 41 0A 00 00 00 08 00 00 00 
00 10 7C 64 12 56 02 00 00 02 A0 BA 1F 41 04 00 
00 00 07 00 00 00 00 11 7C 64 12 56 02 00 00 02 
A0 BA 1F 41 03 00 00 00 06 00 00 00 00 17 7C 64 
12 56 02 00 00 02 A0 BA 1F 41 0B 00 00 00 07 00 
00 00 00 1E 7C 64 12 56 02 00 00 02 A0 BA 1F 41 
0C 00 00 00 07 2C 57 01 00 63 7C 64 12 56 02 00 
00 02 E4 FE 1F 41 0D 00 00 00 07 8F D7 00 00 41 
7C 64 12 57 02 00 00 02 E4 FE 1F 41 0E 00 00 00 
07 00 00 00 00 1A 7C 64 12 57 02 00 00 02 E4 FE 
1F 41 01 00 00 00 07 0D 00 00 00 18 7C 64 12 57 
02 00 00 02 E4 FE 1F 41 02 00 00 00 07 3D 00 00 
00 2B 7C 32 6C 0E 00 00 00 00 00 00 00 07 01 CC 
AE 11 66 63 2E 67 79 72 6F 39 75 70 64 61 74 65 
2E 75 73 4D 46 6C 69 67 68 74 20 43 6F 6E 74 72 
6F 6C 6C 65 72 20 6E 75 6D 62 65 72 20 6F 66 20 
74 69 6D 65 73 20 66 63 20 68 61 73 20 75 70 64 
61 74 65 64 20 69 6E 74 65 72 6E 61 6C 20 73 74 
61 74 65 20 66 72 6F 6D 20 63 6F 6E 74 72 6F 6C 
73 73 7C 64 12 59 02 00 00 02 6B 87 20 41 05 00 
00 00 08 00 00 00 00 D9 7C 64 12 59 02 00 00 02 
6B 87 20 41 06 00 00 00 08 00 00 00 00 DA 7C 64 
12 59 02 00 00 02 6B 87 20 41 07 00 00 00 08 00 
00 00 00 DB 7C 64 12 59 02 00 00 02 6B 87 20 41 
08 00 00 00 08 00 00 00 00 D4 7C 64 12 59 02 00 
00 02 6B 87 20 41 09 00 00 00 08 00 00 00 00 D5 
7C 64 12 59 02 00 00 02 6B 87 20 41 0A 00 00 00 
08 00 00 00 00 D6 7C 64 12 59 02 00 00 02 6B 87 
20 41 04 00 00 00 07 00 00 00 00 D7 7C 64 12 59 
02 00 00 02 6B 87 20 41 03 00 00 00 06 00 00 00 
00 D1 7C 64 12 59 02 00 00 02 6B 87 20 41 0B 00 
00 00 07 00 00 00 00 D8 7C 64 12 59 02 00 00 02 
6B 87 20 41 0C 00 00 00 07 35 57 01 00 BC 7C 64 
12 59 02 00 00 02 AF CB 20 41 0D 00 00 00 07 65 
DA 00 00 EA 7C 64 12 5A 02 00 00 02 AF CB 20 41 
0E 00 00 00 07 00 00 00 00 56 7C 64 12 5A 02 00 
00 02 AF CB 20 41 01 00 00 00 07 0D 00 00 00 54 
7C 64 12 5A 02 00 00 02 AF CB 20 41 02 00 00 00 
07 38 00 00 00 62 7C 32 2D 03 00 00 00 00 00 00 
00 06 01 5C B1 08 66 63 2E 73 74 61 74 F9 17 46 
6C 69 67 68 74 20 43 6F 6E 74 72 6F 6C 6C 65 72 
20 53 74 61 74 65 6D 65 2C 20 69 6E 20 6D 69 63 
72 6F 73 65 63 6F 6E 64 73 2C 20 74 61 6B 65 6E 
20 74 6F 20 73 65 6E 64 20 61 20 73 61 6D 70 6C 
65 20 66 72 61 6D 65 20 7C 64 12 5B 02 00 00 02 
F2 0F 21 41 05 00 00 00 08 00 00 00 00 CB 7C 64 
12 5B 02 00 00 02 F2 0F 21 41 06 00 00 00 08 00 
00 00 00 C8 7C 64 12 5B 02 00 00 02 F2 0F 21 41 
07 00 00 00 08 00 00 00 00 C9 7C 64 12 5B 02 00 
00 02 F2 0F 21 41 08 00 00 00 08 00 00 00 00 C6 
7C 64 12 5B 02 00 00 02 F2 0F 21 41 09 00 00 00 
08 00 00 00 00 C7 7C 64 12 5B 02 00 00 02 F2 0F 
21 41 0A 00 00 00 08 00 00 00 00 C4 7C 64 12 5B 
02 00 00 02 F2 0F 21 41 04 00 00 00 07 00 00 00 
00 C5 7C 64 12 5B 02 00 00 02 F2 0F 21 41 03 00 
00 00 06 00 00 00 00 C3 7C 64 12 5B 02 00 00 02 
F2 0F 21 41 0B 00 00 00 07 00 00 00 00 CA 7C 64 
12 5B 02 00 00 02 36 54 21 41 0C 00 00 00 07 5C 
57 01 00 5F 7C 64 12 5C 02 00 00 02 36 54 21 41 
0D 00 00 00 07 B7 44 01 00 A6 7C 64 12 5C 02 00 
00 02 36 54 21 41 0E 00 00 00 07 00 00 00 00 57 
7C 64 12 5C 02 00 00 02 36 54 21 41 01 00 00 00 
07 0D 00 00 00 55 7C 64 12 5C 02 00 00 02 36 54 
21 41 02 00 00 00 07 39 00 00 00 62 7C 32 47 05 
00 00 00 00 00 00 00 08 03 C0 B0 0D 66 63 2E 67 
79 72 6F 23 72 61 77 2E 72 2C 46 6C 69 67 68 74 
20 43 6F 6E 74 72 6F 6C 6C 65 72 20 63 6F 70 79 
20 6F 66 20 72 61 77 20 67 79 72 6F 20 72 6F 6C 
6C 20 64 61 74 61 70 64 61 74 65 64 20 69 6E 74 
65 72 6E 61 6C 20 73 74 61 74 65 20 66 72 6F 6D 
20 67 79 72 6F 6E 7C 64 12 5E 02 00 00 02 BD DC 
21 41 05 00 00 00 08 00 00 00 00 52 7C 64 12 5E 
02 00 00 02 BD DC 21 41 06 00 00 00 08 00 00 00 
00 51 7C 64 12 5E 02 00 00 02 BD DC 21 41 07 00 
00 00 08 00 00 00 00 50 7C 64 12 5E 02 00 00 02 
BD DC 21 41 08 00 00 00 08 00 00 00 00 5F 7C 64 
12 5E 02 00 00 02 BD DC 21 41 09 00 00 00 08 00 
00 00 00 5E 7C 64 12 5E 02 00 00 02 BD DC 21 41 
0A 00 00 00 08 00 00 00 00 5D 7C 64 12 5E 02 00 
00 02 BD DC 21 41 04 00 00 00 07 00 00 00 00 5C 
7C 64 12 5E 02 00 00 02 BD DC 21 41 03 00 00 00 
06 00 00 00 00 5A 7C 64 12 5E 02 00 00 02 BD DC 
21 41 0B 00 00 00 07 00 00 00 00 53 7C 64 12 5E 
02 00 00 02 BD DC 21 41 0C 00 00 00 07 81 58 01 
00 8C 7C 64 12 5E 02 00 00 02 00 21 22 41 0D 00 
00 00 07 70 44 01 00 22 7C 64 12 5F 02 00 00 02 
00 21 22 41 0E 00 00 00 07 00 00 00 00 14 7C 64 
12 5F 02 00 00 02 00 21 22 41 01 00 00 00 07 0D 
00 00 00 16 7C 64 12 5F 02 00 00 02 00 21 22 41 
02 00 00 00 07 37 00 00 00 2F 7C 32 51 08 00 00 
00 00 00 00 00 08 03 FC AF 12 66 63 2E 67 79 72 
6F 0F 66 69 6C 74 65 72 65 64 2E 72 31 46 6C 69 
67 68 74 20 43 6F 6E 74 72 6F 6C 6C 65 72 20 63 
6F 70 79 20 6F 66 20 66 69 74 6C 65 72 65 64 20 
67 79 72 6F 7C 64 12 60 02 00 00 02 44 65 22 41 
05 00 00 00 08 00 00 00 00 2F 7C 64 12 60 02 00 
00 02 44 65 22 41 06 00 00 00 08 00 00 00 00 2C 
7C 64 12 60 02 00 00 02 44 65 22 41 07 00 00 00 
08 00 00 00 00 2D 7C 64 12 60 02 00 00 02 44 65 
22 41 08 00 00 00 08 00 00 00 00 22 7C 64 12 60 
02 00 00 02 44 65 22 41 09 00 00 00 08 00 00 00 
00 23 7C 64 12 60 02 00 00 02 44 65 22 41 0A 00 
00 00 08 00 00 00 00 20 7C 64 12 60 02 00 00 02 
44 65 22 41 04 00 00 00 07 00 00 00 00 21 7C 64 
12 60 02 00 00 02 44 65 22 41 03 00 00 00 06 00 
00 00 00 27 7C 64 12 60 02 00 00 02 44 65 22 41 
0B 00 00 00 07 00 00 00 00 2E 7C 64 12 60 02 00 
00 02 44 65 22 41 0C 00 00 00 07 D7 E1 00 00 1F 
7C 64 12 60 02 00 00 02 88 A9 22 41 0D 00 00 00 
07 19 43 01 00 72 7C 64 12 61 02 00 00 02 88 A9 
22 41 0E 00 00 00 07 00 00 00 00 2A 7C 64 12 61 
02 00 00 02 88 A9 22 41 01 00 00 00 07 0D 00 00 
00 28 7C 64 12 61 02 00 00 02 88 A9 22 41 02 00 
00 00 07 39 00 00 00 1F 7C 32 50 0A 00 00 00 00 
00 00 00 08 03 6C AF 12 66 63 2E 67 79 72 6F E5 
66 69 6C 74 65 72 65 64 2E 79 30 46 6C 69 67 68 
74 20 43 6F 6E 74 72 6F 6C 6C 65 72 20 63 6F 70 
79 20 6F 66 20 66 69 74 6C 65 72 65 64 20 67 79 
72 6F 20 79 61 77 20 64 61 74 61 74 61 72 7C 64 
12 62 02 00 00 02 CB ED 22 41 05 00 00 00 08 00 
00 00 00 2A 7C 64 12 62 02 00 00 02 CB ED 22 41 
06 00 00 00 08 00 00 00 00 29 7C 64 12 62 02 00 
00 02 CB ED 22 41 07 00 00 00 08 00 00 00 00 28 
7C 64 12 62 02 00 00 02 CB ED 22 41 08 00 00 00 
08 00 00 00 00 27 7C 64 12 62 02 00 00 02 CB ED 
22 41 09 00 00 00 08 00 00 00 00 26 7C 64 12 62 
02 00 00 02 CB ED 22 41 0A 00 00 00 08 00 00 00 
00 25 7C 64 12 62 02 00 00 02 CB ED 22 41 04 00 
00 00 07 00 00 00 00 24 7C 64 12 62 02 00 00 02 
CB ED 22 41 03 00 00 00 06 00 00 00 00 22 7C 64 
12 62 02 00 00 02 CB ED 22 41 0B 00 00 00 07 00 
00 00 00 2B 7C 64 12 62 02 00 00 02 CB ED 22 41 
0C 00 00 00 07 21 90 03 00 85 7C 64 12 63 02 00 
00 02 0F 32 23 41 0D 00 00 00 07 6B D8 00 00 85 
7C 64 12 63 02 00 00 02 0F 32 23 41 0E 00 00 00 
07 00 00 00 00 35 7C 64 12 63 02 00 00 02 0F 32 
23 41 01 00 00 00 07 0D 00 00 00 37 7C 64 12 63 
02 00 00 02 0F 32 23 41 02 00 00 00 07 3D 00 00 
00 04 7C 32 6B 0C 00 00 00 00 00 00 00 07 01 44 
AF 10 66 63 2E 63 6F 72 65 D6 2E 63 6F 75 6E 74 
65 72 4D 46 6C 69 67 68 74 20 43 6F 6E 74 72 6F 
6C 6C 65 72 20 6E 75 6D 62 65 72 20 6F 66 20 74 
69 6D 65 73 20 66 63 20 68 61 73 20 75 70 64 61 
74 65 64 20 69 6E 74 65 72 6E 61 6C 20 73 74 61 
74 65 20 66 72 6F 6D 20 63 6F 6E 74 72 6F 6C 73 
6C 73 00 7C 64 12 65 02 00 00 02 96 BA 23 41 05 
00 00 00 08 00 00 00 00 26 7C 64 12 65 02 00 00 
02 96 BA 23 41 06 00 00 00 08 00 00 00 00 25 7C 
64 12 65 02 00 00 02 96 BA 23 41 07 00 00 00 08 
00 00 00 00 24 7C 64 12 65 02 00 00 02 96 BA 23 
41 08 00 00 00 08 00 00 00 00 2B 7C 64 12 65 02 
00 00 02 96 BA 23 41 09 00 00 00 08 00 00 00 00 
2A 7C 64 12 65 02 00 00 02 96 BA 23 41 0A 00 00 
00 08 00 00 00 00 29 7C 64 12 65 02 00 00 02 96 
BA 23 41 04 00 00 00 07 00 00 00 00 28 7C 64 12 
65 02 00 00 02 96 BA 23 41 03 00 00 00 06 00 00 
00 00 2E 7C 64 12 65 02 00 00 02 96 BA 23 41 0B 
00 00 00 07 00 00 00 00 27 7C 64 12 65 02 00 00 
02 96 BA 23 41 0C 00 00 00 07 12 CA 01 00 F9 7C 
64 12 65 02 00 00 02 D9 FE 23 41 0D 00 00 00 07 
93 D7 00 00 6D 7C 64 12 66 02 00 00 02 D9 FE 23 
41 0E 00 00 00 07 00 00 00 00 2A 7C 64 12 66 02 
00 00 02 D9 FE 23 41 01 00 00 00 07 0D 00 00 00 
28 7C 64 12 66 02 00 00 02 D9 FE 23 41 02 00 00 
00 07 3D 00 00 00 1B 7C 32 6C 0E 00 00 00 00 00 
00 00 07 01 CC AE 11 66 63 2E 67 79 72 6F 39 75 
70 64 61 74 65 2E 75 73 4D 46 6C 69 67 68 74 20 
43 6F 6E 74 72 6F 6C 6C 65 72 20 6E 75 6D 62 65 
72 20 6F 66 20 74 69 6D 65 73 20 66 63 20 68 61 
73 20 75 70 64 61 74 65 64 20 69 6E 74 65 72 6E 
61 6C 20 73 74 61 74 65 20 66 72 6F 6D 20 63 6F 
6E 74 72 6F 6C 73 73 7C 64 12 68 02 00 00 02 60 
87 24 41 05 00 00 00 08 00 00 00 00 E7 7C 64 12 
68 02 00 00 02 60 87 24 41 06 00 00 00 08 00 00 
00 00 E4 7C 64 12 68 02 00 00 02 60 87 24 41 07 
00 00 00 08 00 00 00 00 E5 7C 64 12 68 02 00 00 
02 60 87 24 41 08 00 00 00 08 00 00 00 00 EA 7C 
64 12 68 02 00 00 02 60 87 24 41 09 00 00 00 08 
00 00 00 00 EB 7C 64 12 68 02 00 00 02 60 87 24 
41 0A 00 00 00 08 00 00 00 00 E8 7C 64 12 68 02 
00 00 02 60 87 24 41 04 00 00 00 07 00 00 00 00 
E9 7C 64 12 68 02 00 00 02 60 87 24 41 03 00 00 
00 06 00 00 00 00 EF 7C 64 12 68 02 00 00 02 60 
87 24 41 0B 00 00 00 07 00 00 00 00 E6 7C 64 12 
68 02 00 00 02 60 87 24 41 0C 00 00 00 07 22 57 
01 00 95 7C 64 12 68 02 00 00 02 A4 CB 24 41 0D 
00 00 00 07 27 D7 00 00 99 7C 64 12 69 02 00 00 
02 A4 CB 24 41 0E 00 00 00 07 00 00 00 00 6A 7C 
64 12 69 02 00 00 02 A4 CB 24 41 01 00 00 00 07 
0D 00 00 00 68 7C 64 12 69 02 00 00 02 A4 CB 24 
41 02 00 00 00 07 39 00 00 00 5F 7C 32 2D 03 00 
00 00 00 00 00 00 06 01 5C B1 08 66 63 2E 73 74 
61 74 F9 17 46 6C 69 67 68 74 20 43 6F 6E 74 72 
6F 6C 6C 65 72 20 53 74 61 74 65 6D 65 2C 20 69 
6E 20 6D 69 63 72 6F 73 65 63 6F 6E 64 73 2C 20 
74 61 6B 65 6E 20 74 6F 20 73 65 6E 64 20 61 20 
73 61 6D 70 6C 65 20 66 72 61 6D 65 20 7C 64 12 
6A 02 00 00 02 E8 0F 25 41 05 00 00 00 08 00 00 
00 00 E4 7C 64 12 6A 02 00 00 02 E8 0F 25 41 06 
00 00 00 08 00 00 00 00 E7 7C 64 12 6A 02 00 00 
02 E8 0F 25 41 07 00 00 00 08 00 00 00 00 E6 7C 
64 12 6A 02 00 00 02 E8 0F 25 41 08 00 00 00 08 
00 00 00 00 E9 7C 64 12 6A 02 00 00 02 E8 0F 25 
41 09 00 00 00 08 00 00 00 00 E8 7C 64 12 6A 02 
00 00 02 E8 0F 25 41 0A 00 00 00 08 00 00 00 00 
EB 7C 64 12 6A 02 00 00 02 E8 0F 25 41 04 00 00 
00 07 00 00 00 00 EA 7C 64 12 6A 02 00 00 02 E8 
0F 25 41 03 00 00 00 06 00 00 00 00 EC 7C 64 12 
6A 02 00 00 02 E8 0F 25 41 0B 00 00 00 07 00 00 
00 00 E5 7C 64 12 6A 02 00 00 02 2B 54 25 41 0C 
00 00 00 07 0A 8F 03 00 FD 7C 64 12 6B 02 00 00 
02 2B 54 25 41 0D 00 00 00 07 2C 45 01 00 12 7C 
64 12 6B 02 00 00 02 2B 54 25 41 0E 00 00 00 07 
00 00 00 00 79 7C 64 12 6B 02 00 00 02 2B 54 25 
41 01 00 00 00 07 0D 00 00 00 7B 7C 64 12 6B 02 
00 00 02 2B 54 25 41 02 00 00 00 07 39 00 00 00 
4C 7C 32 47 05 00 00 00 00 00 00 00 08 03 C0 B0 
0D 66 63 2E 67 79 72 6F 23 72 61 77 2E 72 2C 46 
6C 69 67 68 74 20 43 6F 6E 74 72 6F 6C 6C 65 72 
20 63 6F 70 79 20 6F 66 20 72 61 77 20 67 79 72 
6F 20 72 6F 6C 6C 20 64 61 74 61 70 64 61 74 65 
64 20 69 6E 74 65 72 6E 61 6C 20 73 74 61 74 65 
20 66 72 6F 6D 20 67 79 72 6F 6E 7C 64 12 6D 02 
00 00 02 B2 DC 25 41 05 00 00 00 08 00 00 00 00 
6A 7C 64 12 6D 02 00 00 02 B2 DC 25 41 06 00 00 
00 08 00 00 00 00 69 7C 64 12 6D 02 00 00 02 B2 
DC 25 41 07 00 00 00 08 00 00 00 00 68 7C 64 12 
6D 02 00 00 02 B2 DC 25 41 08 00 00 00 08 00 00 
00 00 67 7C 64 12 6D 02 00 00 02 B2 DC 25 41 09 
00 00 00 08 00 00 00 00 66 7C 64 12 6D 02 00 00 
02 B2 DC 25 41 0A 00 00 00 08 00 00 00 00 65 7C 
64 12 6D 02 00 00 02 B2 DC 25 41 04 00 00 00 07 
00 00 00 00 64 7C 64 12 6D 02 00 00 02 B2 DC 25 
41 03 00 00 00 06 00 00 00 00 62 7C 64 12 6D 02 
00 00 02 B2 DC 25 41 0B 00 00 00 07 00 00 00 00 
6B 7C 64 12 6D 02 00 00 02 B2 DC 25 41 0C 00 00 
00 07 F5 55 01 00 CD 7C 64 12 6D 02 00 00 02 F6 
20 26 41 0D 00 00 00 07 82 44 01 00 12 7C 64 12 
6E 02 00 00 02 F6 20 26 41 0E 00 00 00 07 00 00 
00 00 D6 7C 64 12 6E 02 00 00 02 F6 20 26 41 01 
00 00 00 07 0D 00 00 00 D4 7C 64 12 6E 02 00 00 
02 F6 20 26 41 02 00 00 00 07 38 00 00 00 E2 7C 
32 51 08 00 00 00 00 00 00 00 08 03 FC AF 12 66 
63 2E 67 79 72 6F 0F 66 69 6C 74 65 72 65 64 2E 
72 31 46 6C 69 67 68 74 20 43 6F 6E 74 72 6F 6C 
6C 65 72 20 63 6F 70 79 20 6F 66 20 66 69 74 6C 
65 72 65 64 20 67 79 72 6F 7C 64 12 6F 02 00 00 
02 39 65 26 41 05 00 00 00 08 00 00 00 00 59 7C 
64 12 6F 02 00 00 02 39 65 26 41 06 00 00 00 08 
00 00 00 00 5A 7C 64 12 6F 02 00 00 02 39 65 26 
41 07 00 00 00 08 00 00 00 00 5B 7C 64 12 6F 02 
00 00 02 39 65 26 41 08 00 00 00 08 00 00 00 00 
54 7C 64 12 6F 02 00 00 02 39 65 26 41 09 00 00 
00 08 00 00 00 00 55 7C 64 12 6F 02 00 00 02 39 
65 26 41 0A 00 00 00 08 00 00 00 00 56 7C 64 12 
6F 02 00 00 02 39 65 26 41 04 00 00 00 07 00 00 
00 00 57 7C 64 12 6F 02 00 00 02 39 65 26 41 03 
00 00 00 06 00 00 00 00 51 7C 64 12 6F 02 00 00 
02 39 65 26 41 0B 00 00 00 07 00 00 00 00 58 7C 
64 12 6F 02 00 00 02 39 65 26 41 0C 00 00 00 07 
8B E3 00 00 37 7C 64 12 6F 02 00 00 02 7D A9 26 
41 0D 00 00 00 07 CF 43 01 00 44 7C 64 12 70 02 
00 00 02 7D A9 26 41 0E 00 00 00 07 00 00 00 00 
CA 7C 64 12 70 02 00 00 02 7D A9 26 41 01 00 00 
00 07 0D 00 00 00 C8 7C 64 12 70 02 00 00 02 7D 
A9 26 41 02 00 00 00 07 39 00 00 00 FF 7C 32 50 
0A 00 00 00 00 00 00 00 08 03 6C AF 12 66 63 2E 
67 79 72 6F E5 66 69 6C 74 65 72 65 64 2E 79 30 
46 6C 69 67 68 74 20 43 6F 6E 74 72 6F 6C 6C 65 
72 20 63 6F 70 79 20 6F 66 20 66 69 74 6C 65 72 
65 64 20 67 79 72 6F 20 79 61 77 20 64 61 74 61 
74 61 72 7C 64 12 71 02 00 00 02 C1 ED 26 41 05 
00 00 00 08 00 00 00 00 37 7C 64 12 71 02 00 00 
02 C1 ED 26 41 06 00 00 00 08 00 00 00 00 34 7C 
64 12 71 02 00 00 02 C1 ED 26 41 07 00 00 00 08 
00 00 00 00 35 7C 64 12 71 02 00 00 02 C1 ED 26 
41 08 00 00 00 08 00 00 00 00 3A 7C 64 12 71 02 
00 00 02 C1 ED 26 41 09 00 00 00 08 00 00 00 00 
3B 7C 64 12 71 02 00 00 02 C1 ED 26 41 0A 00 00 
00 08 00 00 00 00 38 7C 64 12 71 02 00 00 02 C1 
ED 26 41 04 00 00 00 07 00 00 00 00 39 7C 64 12 
71 02 00 00 02 C1 ED 26 41 03 00 00 00 06 00 00 
00 00 3F 7C 64 12 71 02 00 00 02 C1 ED 26 41 0B 
00 00 00 07 00 00 00 00 36 7C 64 12 71 02 00 00 
02 C1 ED 26 41 0C 00 00 00 07 22 E4 00 00 EF 7C 
64 12 72 02 00 00 02 04 32 27 41 0D 00 00 00 07 
22 D9 00 00 D3 7C 64 12 72 02 00 00 02 04 32 27 
41 0E 00 00 00 07 00 00 00 00 2B 7C 64 12 72 02 
00 00 02 04 32 27 41 01 00 00 00 07 0D 00 00 00 
29 7C 64 12 72 02 00 00 02 04 32 27 41 02 00 00 
00 07 3D 00 00 00 1A 7C 32 6B 0C 00 00 00 00 00 
00 00 07 01 44 AF 10 66 63 2E 63 6F 72 65 D6 2E 
63 6F 75 6E 74 65 72 4D 46 6C 69 67 68 74 20 43 
6F 6E 74 72 6F 6C 6C 65 72 20 6E 75 6D 62 65 72 
20 6F 66 20 74 69 6D 65 73 20 66 63 20 68 61 73 
20 75 70 64 61 74 65 64 20 69 6E 74 65 72 6E 61 
6C 20 73 74 61 74 65 20 66 72 6F 6D 20 63 6F 6E 
74 72 6F 6C 73 6C 73 00 7C 64 12 74 02 00 00 02 
8B BA 27 41 05 00 00 00 08 00 00 00 00 2E 7C 64 
12 74 02 00 00 02 8B BA 27 41 06 00 00 00 08 00 
00 00 00 2D 7C 64 12 74 02 00 00 02 8B BA 27 41 
07 00 00 00 08 00 00 00 00 2C 7C 64 12 74 02 00 
00 02 8B BA 27 41 08 00 00 00 08 00 00 00 00 23 
7C 64 12 74 02 00 00 02 8B BA 27 41 09 00 00 00 
08 00 00 00 00 22 7C 64 12 74 02 00 00 02 8B BA 
27 41 0A 00 00 00 08 00 00 00 00 21 7C 64 12 74 
02 00 00 02 8B BA 27 41 04 00 00 00 07 00 00 00 
00 20 7C 64 12 74 02 00 00 02 8B BA 27 41 03 00 
00 00 06 00 00 00 00 26 7C 64 12 74 02 00 00 02 
8B BA 27 41 0B 00 00 00 07 00 00 00 00 2F 7C 64 
12 74 02 00 00 02 8B BA 27 41 0C 00 00 00 07 C9 
34 02 00 D7 7C 64 12 74 02 00 00 02 CF FE 27 41 
0D 00 00 00 07 A5 D8 00 00 55 7C 64 12 75 02 00 
00 02 CF FE 27 41 0E 00 00 00 07 00 00 00 00 2B 
7C 64 12 75 02 00 00 02 CF FE 27 41 01 00 00 00 
07 0D 00 00 00 29 7C 64 12 75 02 00 00 02 CF FE 
27 41 02 00 00 00 07 3D 00 00 00 1A 7C 32 6C 0E 
00 00 00 00 00 00 00 07 01 CC AE 11 66 63 2E 67 
79 72 6F 39 75 70 64 61 74 65 2E 75 73 4D 46 6C 
69 67 68 74 20 43 6F 6E 74 72 6F 6C 6C 65 72 20 
6E 75 6D 62 65 72 20 6F 66 20 74 69 6D 65 73 20 
66 63 20 68 61 73 20 75 70 64 61 74 65 64 20 69 
6E 74 65 72 6E 61 6C 20 73 74 61 74 65 20 66 72 
6F 6D 20 63 6F 6E 74 72 6F 6C 73 73 7C 64 12 77 
02 00 00 02 56 87 28 41 05 00 00 00 08 00 00 00 
00 C2 7C 64 12 77 02 00 00 02 56 87 28 41 06 00 
00 00 08 00 00 00 00 C1 7C 64 12 77 02 00 00 02 
56 87 28 41 07 00 00 00 08 00 00 00 00 C0 7C 64 
12 77 02 00 00 02 56 87 28 41 08 00 00 00 08 00 
00 00 00 CF 7C 64 12 77 02 00 00 02 56 87 28 41 
09 00 00 00 08 00 00 00 00 CE 7C 64 12 77 02 00 
00 02 56 87 28 41 0A 00 00 00 08 00 00 00 00 CD 
7C 64 12 77 02 00 00 02 56 87 28 41 04 00 00 00 
07 00 00 00 00 CC 7C 64 12 77 02 00 00 02 56 87 
28 41 03 00 00 00 06 00 00 00 00 CA 7C 64 12 77 
02 00 00 02 56 87 28 41 0B 00 00 00 07 00 00 00 
00 C3 7C 64 12 77 02 00 00 02 56 87 28 41 0C 00 
00 00 07 44 57 01 00 D6 7C 64 12 77 02 00 00 02 
9A CB 28 41 0D 00 00 00 07 13 D9 00 00 80 7C 64 
12 78 02 00 00 02 9A CB 28 41 0E 00 00 00 07 00 
00 00 00 49 7C 64 12 78 02 00 00 02 9A CB 28 41 
01 00 00 00 07 0D 00 00 00 4B 7C 64 12 78 02 00 
00 02 9A CB 28 41 02 00 00 00 07 39 00 00 00 7C 
7C 32 2D 03 00 00 00 00 00 00 00 06 01 5C B1 08 
66 63 2E 73 74 61 74 F9 17 46 6C 69 67 68 74 20 
43 6F 6E 74 72 6F 6C 6C 65 72 20 53 74 61 74 65 
6D 65 2C 20 69 6E 20 6D 69 63 72 6F 73 65 63 6F 
6E 64 73 2C 20 74 61 6B 65 6E 20 74 6F 20 73 65 
6E 64 20 61 20 73 61 6D 70 6C 65 20 66 72 61 6D 
65 20 7C 64 12 79 02 00 00 02 DD 0F 29 41 05 00 
00 00 08 00 00 00 00 CE 7C 64 12 79 02 00 00 02 
DD 0F 29 41 06 00 00 00 08 00 00 00 00 CD 7C 64 
12 79 02 00 00 02 DD 0F 29 41 07 00 00 00 08 00 
00 00 00 CC 7C 64 12 79 02 00 00 02 DD 0F 29 41 
08 00 00 00 08 00 00 00 00 C3 7C 64 12 79 02 00 
00 02 DD 0F 29 41 09 00 00 00 08 00 00 00 00 C2 
7C 64 12 79 02 00 00 02 DD 0F 29 41 0A 00 00 00 
08 00 00 00 00 C1 7C 64 12 79 02 00 00 02 DD 0F 
29 41 04 00 00 00 07 00 00 00 00 C0 7C 64 12 79 
02 00 00 02 DD 0F 29 41 03 00 00 00 06 00 00 00 
00 C6 7C 64 12 79 02 00 00 02 DD 0F 29 41 0B 00 
00 00 07 00 00 00 00 CF 7C 64 12 79 02 00 00 02 
21 54 29 41 0C 00 00 00 07 22 57 01 00 18 7C 64 
12 7A 02 00 00 02 21 54 29 41 0D 00 00 00 07 7D 
44 01 00 55 7C 64 12 7A 02 00 00 02 21 54 29 41 
0E 00 00 00 07 00 00 00 00 6E 7C 64 12          

